I * M == M? (5pt):
[91m- Output result does not match known result[0m
97	7	25	-98	55	26	-23	74	90	17	97	7	25	-98	55
32	29	33	33	23	-62	38	-78	83	-3	32	29	33	33	23
-59	82	22	-19	78	-29	-92	-84	36	-24	-59	82	22	-19	78
-80	36	76	-67	85	66	33	-94	-83	19	-80	36	76	-67	85
-82	44	-10	47	98	98	22	-45	-43	-37	-82	44	-10	47	98
84	-58	13	-17	-6	-55	-71	68	17	-13	84	-58	13	-17	-6
-73	72	-58	-61	-69	41	-39	28	13	-76	First matrix stored in m1.1
Second matrix stored in m1.2
M * I == M? (5pt):
[91m- Output result does not match known result[0m
-15	51	63	-81	71	54	-72	79	-47	77
-77	39	-57	-46	68	3	-53	86	42	86
98	63	72	-75	-51	-77	63	-31	-80	-67
-6	-82	-75	-10	30	88	-13	-69	-99	47
-73	82	-8	-15	68	57	73	-41	23	-99
-22	-60	-52	-30	41	48	41	18	81	-42
13	8	-83	38	-83	-75	-21	-18	-20	-75
41	94	11	88	-100	56	61	58	38	41
-43	-24	24	-21	74	-17	6	6	53	-19
23	36	-59	55	-91	-63	9	-99	-19	43
First matrix stored in m2.1
Second matrix stored in m2.2
0 * M == 0? (5pt):
[91m- Output result does not match known result[0m
0	0	0	0	0	0	0	0	0	0	0	0
0	0	0	0	0	0	0	0	0	0	0	0
0	0	0	0	0	0	0	0	0	0	0	0
0	0	0	0	0	0	0	0	0	0	0	0
0	0	0	0	0	0	0	0	0	0	0	0
0	0	0	0	0	0	0	0	0	0	0	0
0	0	0	0	0	0	0	0	0	0	0	0
0	0	0	0	0	0	0	0	0	0	0	0
0	0	0	0	0	0	0	0	0	0	0	0
0	0	0	0	0	0	0	0	0	0	0	0
0	0	0	0	0	0	0	0	0	0	0	0
0	0	0	0	0	0	0	0	0	0	0	0
First matrix stored in m3.1
Second matrix stored in m3.2
(hardcoded) A * B == C? (20pt):
